test/99p_ALL_NOXALL_year.grd
DSAA
   100   100
   434.100   458.850
  4522.600  4547.350
     0.000   616.258
[rows 64 to 95 of 100, columns 0 to 70 of 100]
31.513 33.130 29.774 27.349 38.512 35.076 42.200 44.200 41.570 43.466 50.425 31.089 32.253 51.378 32.751 33.874 33.895 38.776 33.027 34.259 38.392 45.022 41.191 40.206 48.914 40.974 43.194 37.602 45.410 39.924 32.851 36.607 38.382 38.131 29.844 35.479 29.114 30.940 32.086 32.281 36.440 31.153 30.479 34.320 28.813 24.240 24.241 24.521 22.689 27.048 23.470 24.372 21.713 19.546 24.306 22.981 23.288 24.844 24.373 24.126 25.634 24.682 21.513 18.206 18.286 21.154 18.097 20.411 22.376 25.538 29.222
38.905 39.993 40.366 29.685 39.464 39.447 43.164 27.543 44.463 49.903 37.204 36.775 34.235 37.568 39.995 33.756 34.249 38.193 38.117 39.530 36.846 40.544 45.560 46.069 44.255 53.521 45.863 43.105 46.733 47.775 54.847 39.104 43.758 41.061 36.581 38.195 31.163 31.969 29.465 34.384 34.065 34.254 32.175 34.894 30.007 27.439 27.528 24.568 25.655 22.765 22.407 24.815 23.037 22.702 21.153 23.764 22.246 24.104 24.663 23.441 22.326 21.628 20.375 17.724 22.032 17.684 22.644 22.307 22.162 25.610 23.453
40.503 39.716 41.919 36.782 45.439 48.832 38.059 31.288 38.071 47.594 35.589 35.132 40.646 40.358 37.676 38.361 35.532 35.748 38.348 39.237 45.031 41.636 45.824 41.990 39.684 44.896 43.629 57.214 57.075 34.384 37.842 35.099 38.476 42.406 40.382 38.311 31.595 37.167 35.101 32.216 37.072 36.026 35.328 29.253 27.213 31.387 29.546 25.666 24.228 26.446 22.499 22.501 22.794 24.223 23.658 31.873 35.478 26.873 28.844 23.476 21.678 19.439 19.985 16.362 22.436 17.016 17.091 22.246 20.786 27.606 25.339
40.019 39.436 41.418 46.977 50.156 39.583 38.902 33.343 41.818 49.810 35.403 34.877 42.692 38.666 38.059 38.519 41.134 42.556 39.957 38.949 39.725 45.669 41.105 42.268 50.633 49.240 52.720 44.119 43.298 39.814 46.019 48.787 44.227 51.915 46.481 43.214 51.777 46.791 40.589 47.442 36.936 55.330 50.524 46.060 50.239 43.934 46.132 38.850 38.735 42.535 38.080 29.014 36.152 27.932 32.901 42.364 29.003 30.563 27.624 28.768 23.267 18.927 28.052 20.743 26.068 26.465 21.723 20.012 25.783 22.651 29.845
33.331 38.978 37.305 47.250 41.127 38.255 37.755 36.981 34.587 47.105 42.562 44.191 41.789 36.123 38.812 36.445 39.730 41.157 42.330 42.742 38.794 47.467 47.080 48.077 43.568 47.580 50.049 46.886 42.153 36.707 52.381 48.237 45.468 44.679 54.317 43.576 55.794 49.472 52.286 43.334 40.137 39.976 38.061 37.939 41.287 34.952 37.214 36.748 34.325 31.668 25.406 44.856 27.451 25.471 27.622 27.520 24.349 28.233 28.376 26.967 26.562 25.054 22.403 22.799 22.540 26.212 28.974 21.220 23.479 20.852 24.062
36.191 35.957 36.526 38.134 43.671 35.182 37.757 37.253 49.170 44.671 48.376 46.715 51.370 40.436 39.511 40.813 40.712 37.819 40.440 40.475 43.728 43.430 48.233 47.703 43.687 65.034 61.757 61.942 60.457 54.765 60.695 52.348 51.324 50.589 57.034 57.076 64.400 71.969 43.476 42.374 44.836 44.813 42.927 44.564 42.331 39.159 34.532 36.009 36.503 29.440 38.706 38.106 29.872 36.235 40.666 32.088 25.591 30.763 30.954 31.444 24.054 27.507 28.915 37.950 25.826 26.004 25.158 23.870 25.998 23.674 27.877
44.033 44.380 39.654 41.359 39.540 39.562 41.354 41.049 48.691 47.550 49.686 45.829 62.392 50.487 41.613 38.684 50.249 47.758 38.276 43.536 49.049 50.042 42.613 46.294 52.625 44.777 56.664 70.045 69.274 67.386 64.696 61.150 60.792 59.507 50.592 65.934 64.896 50.647 52.706 43.687 48.326 50.372 44.374 47.938 49.840 44.968 38.038 43.668 38.868 35.529 36.043 40.318 39.746 44.361 35.838 30.838 34.709 38.334 35.161 27.524 29.992 24.163 30.982 25.095 24.881 31.303 28.340 29.285 26.125 23.469 25.006
38.137 45.942 44.118 43.361 40.062 46.750 43.175 42.470 50.708 49.846 62.801 48.826 45.034 46.693 44.929 43.137 41.307 49.373 46.753 47.681 43.172 44.354 47.192 53.266 48.484 44.722 54.959 62.640 66.534 70.549 73.992 71.261 60.989 60.087 64.677 60.799 62.087 65.464 50.567 48.123 52.856 51.770 47.382 46.481 54.934 50.958 47.200 44.306 39.422 33.854 35.516 39.694 34.784 38.128 39.076 32.088 44.190 40.693 33.013 37.386 32.643 42.627 29.459 25.511 29.142 28.001 31.094 29.408 28.941 29.729 31.304
35.505 35.759 47.215 46.731 47.640 48.170 46.360 45.177 48.750 59.806 41.206 46.481 42.126 41.151 65.992 47.598 49.980 51.244 50.648 49.489 51.912 47.685 48.970 47.365 48.275 48.649 69.141 71.093 66.242 66.121 84.722 88.402 80.592 70.203 71.846 70.232 69.936 74.543 67.245 62.996 53.042 53.467 51.895 49.179 55.947 60.330 52.743 53.950 45.075 43.688 39.372 40.483 39.713 37.090 38.308 37.571 43.814 38.684 41.248 34.379 38.006 30.496 31.925 28.556 29.778 29.499 34.441 33.168 31.188 28.197 31.800
38.488 35.055 50.179 47.195 47.621 53.901 53.843 40.681 41.309 45.199 43.960 43.113 40.335 61.509 60.006 60.556 50.909 52.042 52.632 50.391 48.987 54.689 49.999 50.706 49.549 53.134 54.356 58.790 55.971 60.411 61.114 71.133 74.655 68.275 57.703 54.861 80.389 71.148 67.422 62.610 77.787 53.474 55.444 47.555 50.486 57.092 51.236 57.576 57.165 53.006 39.493 45.829 40.852 43.396 44.138 38.457 46.427 40.583 39.755 33.738 29.024 33.966 37.719 37.120 27.804 28.945 35.340 30.091 31.294 29.178 34.283
41.509 43.123 41.022 41.794 40.994 39.775 42.275 45.419 44.850 44.769 46.169 47.600 52.845 45.825 63.651 48.940 53.475 47.660 52.941 55.403 64.005 56.848 55.158 50.022 52.163 51.341 51.292 53.908 53.161 62.443 63.014 65.976 64.384 81.770 66.061 56.829 79.804 72.804 86.904 75.783 75.023 73.109 77.143 74.740 78.713 55.089 52.580 63.259 67.182 59.996 49.057 49.815 42.802 44.965 39.415 40.336 54.066 48.567 37.791 42.115 31.885 35.261 33.591 35.962 32.688 32.446 37.682 36.651 34.462 41.781 35.079
39.668 43.581 39.009 42.217 51.297 52.382 45.989 50.282 48.321 43.815 50.148 45.558 52.559 51.215 47.633 50.935 47.078 51.765 54.045 54.382 53.935 63.839 70.136 75.643 60.354 59.462 51.199 65.847 67.594 83.975 63.085 70.086 68.844 77.253 88.008 65.353 77.213 78.473 79.508 73.069 86.486 85.388 74.427 61.668 61.876 88.661 89.899 90.256 68.056 59.008 62.366 52.060 48.727 45.873 45.307 42.768 46.052 47.499 50.030 53.166 50.190 36.671 41.931 32.982 32.288 30.772 35.092 31.058 36.813 36.940 42.302
41.151 41.596 40.464 43.726 45.441 51.040 53.391 47.845 47.837 47.305 48.978 49.663 52.730 47.523 48.924 51.388 53.957 53.358 52.177 52.185 50.406 57.615 60.216 64.810 56.774 63.063 54.323 78.229 75.136 65.928 66.495 69.185 64.688 73.239 82.037 71.529 88.961 80.973 85.209 80.766 89.199 104.665 81.976 73.763 65.720 64.475 70.286 70.650 62.845 92.560 55.578 56.033 61.046 61.599 64.685 68.849 49.627 47.756 48.641 38.001 38.161 40.010 36.101 40.163 32.352 28.739 35.100 32.683 33.695 30.920 34.073
38.648 38.610 42.682 45.598 47.385 49.442 52.286 47.099 44.846 47.718 49.839 52.783 56.853 56.607 53.494 54.828 59.612 56.378 56.357 55.305 59.405 55.979 50.873 76.204 73.682 84.390 77.999 84.246 82.910 83.875 94.044 69.548 73.670 85.694 84.579 70.027 109.178 104.161 98.146 95.143 95.570 85.404 83.598 78.520 73.951 77.440 72.193 72.954 78.696 71.165 95.020 91.570 86.032 66.179 73.480 55.698 59.671 54.733 47.642 48.624 41.631 44.450 38.330 34.318 30.835 45.797 36.729 26.688 29.570 31.771 38.383
43.791 43.530 46.876 41.232 45.199 47.334 45.978 49.463 49.052 47.105 48.772 47.860 54.807 50.872 53.134 57.725 63.350 55.115 57.135 56.696 68.153 53.133 75.688 75.729 76.566 70.462 74.992 81.693 92.944 90.228 82.655 102.831 66.739 76.235 79.130 71.310 102.478 94.876 96.256 118.993 126.138 85.648 99.806 93.032 80.211 74.934 70.228 75.645 82.069 80.367 92.578 73.307 77.584 76.746 71.963 56.898 55.821 75.361 53.455 52.939 43.477 43.522 43.837 42.731 51.327 44.916 42.393 42.301 52.742 36.660 37.314
40.996 40.847 45.234 46.883 50.755 48.276 43.195 46.756 48.384 49.815 50.888 51.576 59.696 55.340 56.562 61.258 55.776 62.979 64.582 64.621 55.152 52.243 76.224 73.047 78.494 76.104 75.739 73.440 86.668 88.696 97.054 96.565 99.862 86.403 78.008 77.668 118.555 109.393 104.154 130.433 98.651 87.464 98.239 100.375 95.682 81.454 80.763 82.329 85.749 91.332 94.454 89.889 71.906 100.178 80.011 81.140 55.697 75.086 48.886 58.807 43.413 46.277 43.249 41.410 35.357 34.055 39.249 51.182 49.597 50.095 51.029
37.067 36.281 38.131 42.661 48.100 40.376 50.404 49.400 42.631 54.041 51.211 50.722 47.932 51.078 52.720 55.547 61.892 60.397 58.197 59.270 60.509 56.001 74.057 80.275 75.807 86.301 78.367 88.369 85.508 80.377 83.078 86.919 101.128 113.532 119.226 100.504 109.038 79.949 123.237 130.333 90.247 120.153 120.715 109.702 106.351 105.383 93.638 95.908 98.388 99.880 101.368 109.681 80.074 87.696 91.361 83.485 72.902 76.566 62.516 61.944 52.482 52.898 63.101 44.334 40.255 34.913 40.761 61.688 69.337 79.715 64.443
36.222 40.923 37.992 37.664 36.689 44.896 46.007 45.349 54.806 53.481 53.977 50.023 48.793 54.860 52.177 58.574 56.372 63.924 65.884 61.031 65.977 57.087 77.277 85.247 87.553 91.729 84.676 87.970 84.010 86.516 84.012 89.883 96.351 97.226 118.381 134.832 85.437 114.179 117.932 86.952 110.929 119.170 154.468 152.934 106.356 101.518 101.517 94.649 95.505 104.313 131.930 126.078 101.547 94.741 94.230 90.401 87.982 73.381 76.689 69.380 61.685 56.778 46.687 43.437 40.102 41.181 52.480 64.830 72.464 64.180 55.947
35.002 34.594 41.431 33.910 35.204 37.718 44.189 52.616 58.501 48.403 50.333 49.445 48.091 53.576 52.193 57.656 54.711 60.918 62.410 55.170 73.435 84.641 81.149 84.240 96.288 87.415 97.840 98.269 104.055 103.406 113.841 102.374 100.279 94.876 104.916 114.097 85.069 131.655 138.470 143.308 131.855 146.692 170.938 109.901 143.046 150.972 169.273 107.027 113.828 116.239 127.037 139.440 112.968 132.902 113.473 100.679 90.724 79.992 76.243 75.811 63.113 54.088 44.839 41.921 44.581 61.476 68.126 59.479 53.089 55.879 51.384
36.726 40.151 37.948 39.490 38.600 38.668 42.374 41.353 40.899 43.970 44.904 47.339 54.886 54.823 51.814 52.546 54.953 60.617 61.217 56.946 90.060 68.747 63.925 65.072 65.501 83.959 94.174 97.102 98.588 118.377 89.956 87.241 74.208 103.026 112.889 105.860 101.376 121.401 157.667 117.736 99.263 155.511 123.059 134.255 113.358 165.809 129.992 130.387 151.285 139.099 129.183 137.720 158.519 159.899 131.124 119.330 102.936 118.178 98.696 76.830 62.453 60.223 43.393 51.329 70.669 67.033 63.787 57.836 85.108 69.682 67.800
29.654 30.747 33.995 35.166 36.292 37.209 35.933 34.147 57.526 44.115 43.420 45.898 54.089 52.867 50.400 52.203 59.774 58.302 65.483 60.975 58.380 61.270 61.337 62.070 68.183 80.962 83.761 90.244 97.592 95.919 123.912 87.893 76.405 124.385 79.607 108.291 107.280 128.767 96.543 103.263 131.595 191.329 138.016 127.606 129.896 157.329 208.018 150.009 150.246 161.867 177.277 157.921 143.395 178.629 142.229 112.975 127.528 133.012 89.027 65.979 59.087 45.846 66.290 65.309 77.241 75.641 70.612 65.150 63.615 91.726 96.196
26.023 30.267 33.122 32.083 31.821 27.849 38.815 41.341 54.985 35.921 40.060 42.461 41.873 49.509 47.717 52.210 48.629 48.635 57.646 58.537 61.642 61.630 61.146 61.493 63.607 78.095 68.619 84.913 94.081 100.324 109.525 111.628 127.105 157.994 91.508 121.385 122.505 124.492 124.143 118.879 144.106 177.633 141.422 149.650 129.843 177.302 179.812 168.330 180.945 173.139 188.080 164.567 172.242 161.942 157.762 133.682 149.322 145.747 90.275 76.533 76.950 63.504 85.728 63.449 87.297 79.046 78.572 86.765 96.665 78.808 91.015
26.937 25.764 27.484 27.831 28.872 32.029 30.787 39.569 48.697 39.575 42.152 37.806 37.560 39.703 43.106 43.545 44.325 45.654 49.419 46.859 54.973 50.161 55.879 57.285 56.322 60.101 59.663 76.988 79.944 90.939 126.688 87.349 84.591 94.227 87.974 88.992 131.115 138.421 138.210 129.966 166.590 127.410 119.249 129.161 127.359 177.846 182.429 187.878 196.617 208.970 201.887 201.083 186.413 164.137 140.992 135.773 153.476 149.801 102.672 91.749 83.438 70.760 96.986 101.907 103.941 85.004 76.756 81.746 85.166 89.330 87.695
25.781 29.622 33.216 28.725 26.158 29.653 29.903 31.839 45.862 35.241 35.583 39.436 42.732 44.804 36.181 44.163 38.788 44.986 46.811 50.430 52.502 44.187 59.531 70.222 47.825 69.526 73.018 77.526 83.271 106.417 79.179 76.076 89.895 85.523 90.065 79.309 120.795 126.754 129.320 148.317 175.812 123.801 158.980 162.501 178.280 177.436 233.129 253.287 250.247 223.846 262.891 244.475 200.167 219.268 165.411 150.740 192.683 214.389 137.066 105.089 106.645 76.143 99.980 120.702 161.990 86.504 88.846 93.191 98.574 107.488 106.091
27.141 28.726 29.695 30.723 28.703 29.834 32.354 31.188 32.788 33.135 36.714 39.679 39.494 39.495 45.018 44.215 43.729 39.191 46.116 43.578 47.238 43.913 57.249 62.162 60.484 66.908 72.287 89.320 64.487 68.354 74.379 75.881 81.501 83.598 85.063 85.007 99.395 95.595 123.950 127.984 141.894 180.756 126.062 167.271 207.930 203.426 257.668 220.962 253.716 241.944 270.820 268.024 242.208 234.854 219.806 230.914 327.110 234.451 184.588 158.768 117.198 121.426 123.405 157.223 152.417 94.286 98.353 99.654 102.322 101.662 105.997
26.154 29.024 27.366 28.949 30.819 30.311 30.541 35.766 32.875 33.302 37.655 38.669 35.479 35.087 37.714 39.120 44.914 41.482 45.994 46.396 53.012 43.060 62.253 68.287 52.604 53.342 56.040 54.369 77.624 93.429 70.074 77.448 76.532 81.959 84.001 90.804 107.553 107.138 121.988 141.147 143.008 190.724 121.715 169.692 197.673 221.031 285.019 255.897 229.233 256.577 287.363 293.811 301.496 285.254 298.700 260.191 352.830 372.361 177.743 143.198 128.673 115.511 137.190 121.194 138.026 107.546 114.370 109.325 118.282 116.790 117.669
26.907 28.806 26.939 30.799 30.397 30.094 30.310 30.815 31.430 36.162 37.741 34.231 36.599 37.993 43.051 40.544 45.831 45.051 43.496 41.439 40.994 53.051 60.535 73.782 53.335 55.624 53.522 59.265 53.863 74.049 92.380 72.653 80.362 75.985 75.420 121.836 104.589 95.515 122.001 129.357 139.511 171.044 119.157 167.738 209.239 243.308 220.854 241.776 267.026 273.341 304.140 355.718 308.918 319.499 375.630 393.761 466.200 414.241 241.399 169.244 141.830 129.166 108.039 112.985 107.940 95.981 117.429 116.006 95.341 87.997 100.023
24.375 28.299 24.950 28.762 32.692 34.165 33.190 30.302 31.872 37.385 37.148 37.498 40.784 42.276 38.725 41.874 42.569 41.487 35.984 50.290 51.501 54.037 68.698 48.523 44.358 72.690 50.692 53.203 75.238 86.068 100.073 71.883 75.749 70.271 93.739 104.015 117.324 87.348 122.146 145.722 176.735 127.590 126.096 119.806 193.533 239.771 205.112 230.269 288.959 310.762 398.652 410.642 379.313 390.238 343.306 498.682 616.258 396.426 300.286 170.538 160.842 127.256 109.022 88.997 116.950 140.807 98.155 113.580 101.780 89.335 79.566
25.311 24.505 26.263 30.182 26.859 29.832 29.416 30.382 33.775 32.446 33.835 32.719 35.994 37.439 38.212 36.309 36.701 40.348 39.157 50.213 56.980 59.788 65.494 69.984 51.058 78.000 53.877 57.464 52.791 77.865 94.577 65.612 59.822 89.695 93.469 104.217 120.345 106.915 103.781 97.466 131.637 139.342 197.302 157.132 182.762 215.979 235.280 265.066 293.187 346.001 339.408 486.407 405.383 423.701 440.836 392.892 353.315 310.465 225.078 188.872 147.340 121.591 112.183 87.832 91.893 92.680 107.244 117.866 87.175 101.983 86.010
29.417 25.539 24.614 32.925 27.599 28.737 30.964 31.333 33.326 33.600 30.565 28.065 44.621 33.087 37.131 40.284 38.379 42.886 38.220 48.245 48.249 67.175 51.111 47.832 63.912 78.599 58.199 56.983 48.618 80.404 102.637 58.717 79.670 74.883 82.187 99.062 117.132 90.749 96.046 94.391 123.437 135.748 184.862 156.140 171.698 203.432 226.618 260.572 261.694 274.226 391.042 380.950 421.973 391.324 330.278 305.531 231.165 204.108 199.131 172.686 135.756 124.237 108.271 77.868 82.441 69.241 93.921 104.484 112.852 121.768 87.869
23.617 22.721 23.134 26.623 28.957 26.961 29.812 28.817 28.085 30.221 29.392 31.331 41.001 47.539 51.413 37.076 35.341 36.446 49.694 52.970 47.417 61.106 48.389 40.949 65.007 39.467 81.870 54.078 56.767 62.152 56.010 72.602 88.327 75.915 90.470 101.482 78.712 90.747 82.616 112.890 124.766 142.691 179.329 148.583 141.047 191.757 215.163 226.750 282.299 321.836 356.364 354.928 348.628 310.250 302.352 242.507 193.146 163.913 156.173 202.499 156.111 132.168 116.309 100.765 76.121 75.022 70.857 73.986 92.720 100.887 115.441
19.401 24.666 23.332 26.374 25.694 25.498 26.151 29.330 30.049 30.413 30.150 29.200 41.519 39.410 48.001 33.857 34.295 33.856 46.868 45.394 45.928 55.041 48.530 42.374 42.843 48.042 50.031 52.491 54.669 55.144 54.243 88.056 69.685 72.803 71.117 99.749 109.652 76.492 104.686 112.427 125.849 147.219 157.756 177.605 191.966 164.028 221.024 275.158 252.729 327.816 247.148 266.219 275.344 274.118 213.843 162.565 146.749 148.376 168.985 149.975 145.341 141.248 116.248 105.706 91.800 90.034 68.608 74.019 79.674 81.975 90.447
