test/99p_ALL_NOXALL_year.grd
DSAA
   100   100
   434.100   458.850
  4522.600  4547.350
     0.000   616.258
[rows 32 to 63 of 100, columns 0 to 70 of 100]
16.025 15.897 14.210 13.561 15.254 16.922 17.057 16.566 11.979 11.630 12.202 14.288 17.383 13.735 12.123 16.231 15.263 14.966 15.249 16.324 19.249 14.954 15.141 15.254 18.982 19.195 19.896 18.202 19.973 18.935 21.619 20.942 22.012 22.982 22.369 29.772 22.721 24.118 24.836 27.545 29.867 30.249 30.160 52.295 38.842 56.729 49.578 55.353 56.403 61.343 61.608 61.858 63.376 66.386 70.325 67.748 59.233 55.397 51.778 50.105 41.391 35.195 32.286 23.500 28.053 22.552 21.981 24.767 22.161 22.508 20.943
15.093 16.305 13.036 14.110 15.404 14.866 18.662 13.445 13.103 11.906 14.302 17.372 13.458 13.828 12.937 15.835 14.907 16.062 17.225 17.273 14.137 14.296 14.692 15.971 17.358 18.190 17.854 18.830 20.001 19.023 19.406 21.575 19.702 21.077 22.865 28.211 22.462 19.206 22.178 23.654 26.396 26.597 34.233 35.000 42.515 42.757 49.732 52.087 57.773 59.599 68.072 64.657 77.646 81.162 77.337 69.859 59.010 56.963 53.041 51.413 41.015 40.459 33.757 27.411 28.144 23.008 23.891 20.060 18.226 23.336 19.810
16.743 17.561 16.509 18.214 13.973 15.712 14.197 13.231 11.126 13.079 11.452 15.582 12.358 13.894 16.416 17.386 19.449 17.088 17.074 18.463 12.567 15.245 14.559 15.066 17.635 19.172 17.674 19.722 15.898 20.867 19.269 20.474 23.284 22.377 22.583 20.462 20.466 19.624 30.883 23.796 27.239 29.289 31.863 33.542 36.188 38.582 41.234 50.448 51.349 61.623 61.245 69.262 81.683 93.676 91.243 74.474 72.893 63.979 58.739 44.739 46.513 36.138 37.308 27.361 26.747 24.657 23.580 21.196 20.495 21.777 14.168
18.393 12.019 18.075 10.732 14.637 16.005 15.773 17.339 20.268 12.535 11.006 16.186 15.681 13.746 12.934 15.171 17.014 16.644 17.674 12.190 16.357 14.291 15.171 13.068 17.905 16.864 19.175 20.017 13.820 20.854 21.669 20.681 27.238 14.725 25.355 20.698 20.926 20.301 31.201 27.748 28.872 31.104 30.246 33.369 31.159 41.505 43.452 50.665 64.437 52.214 55.767 62.643 71.083 80.488 84.379 79.050 82.001 73.153 64.877 52.963 44.665 33.815 34.594 28.771 25.246 22.492 22.550 20.747 25.041 17.655 17.353
13.227 14.271 14.559 14.777 15.266 14.047 14.321 15.375 15.112 14.588 15.026 16.183 12.546 11.706 16.001 15.861 15.966 15.822 17.587 16.862 17.978 21.218 14.519 14.739 22.564 18.823 22.376 16.183 19.817 21.999 19.552 19.411 17.192 22.163 30.566 21.606 19.485 20.689 28.085 33.571 26.651 31.811 31.517 32.794 32.842 42.277 43.762 49.135 57.324 41.972 47.890 60.295 62.629 65.604 68.995 69.993 84.140 76.739 61.731 46.526 42.703 31.226 31.466 26.269 25.065 22.362 22.533 18.746 19.087 16.618 16.311
12.655 13.356 14.365 13.954 14.270 12.836 16.754 14.985 12.193 16.008 17.704 13.398 15.706 14.726 15.831 15.270 17.013 18.098 16.302 18.052 17.149 16.128 17.270 19.171 19.583 18.047 19.164 17.514 20.392 21.697 22.217 22.803 23.220 26.233 18.952 18.511 29.712 22.050 22.145 22.102 33.753 25.218 26.843 29.329 31.905 31.776 33.884 35.497 33.238 34.966 43.668 52.210 46.378 53.063 58.378 72.597 64.465 57.010 52.483 52.070 41.539 34.562 29.115 29.421 26.926 22.959 19.728 20.990 20.116 18.020 16.094
12.755 13.753 15.786 12.820 16.141 15.661 16.765 16.895 13.172 16.456 18.722 18.331 16.283 15.091 18.505 15.864 18.568 17.388 17.957 17.817 16.698 16.992 16.475 17.570 20.147 25.051 16.821 14.202 19.391 23.595 21.897 22.927 25.293 26.610 18.609 16.088 24.866 26.185 30.409 20.712 21.899 22.444 22.842 24.026 24.312 28.455 31.978 28.618 33.869 32.895 35.482 39.063 45.366 50.885 46.235 59.018 52.811 49.344 49.971 43.419 33.893 30.996 32.010 28.249 26.208 23.822 20.800 20.090 19.413 19.198 17.668
10.747 15.908 14.632 14.020 15.900 18.327 19.346 19.191 16.963 18.288 13.099 15.636 15.154 16.876 17.621 16.865 17.308 17.484 19.122 18.275 18.042 14.579 17.275 18.131 21.420 17.047 14.587 19.970 19.029 20.732 21.937 22.964 23.338 16.350 16.100 23.109 21.749 27.925 19.093 20.274 22.041 22.437 23.892 23.297 24.367 26.080 26.469 28.096 28.106 30.056 34.302 34.938 36.191 41.793 46.240 46.864 51.621 44.057 47.871 39.340 40.257 35.585 27.298 29.603 25.302 23.461 22.637 19.540 20.112 17.541 16.803
14.630 16.732 15.024 14.236 12.893 15.591 19.910 17.958 19.003 19.209 12.805 13.237 16.028 14.712 20.542 18.718 16.540 15.464 18.268 18.158 17.750 16.040 16.648 24.175 14.129 13.141 21.912 22.615 21.602 22.832 16.778 15.968 16.053 17.837 17.624 18.770 20.403 20.012 20.186 20.250 23.856 20.108 21.371 23.218 24.060 23.967 23.055 22.958 26.928 28.466 32.014 34.020 35.166 34.299 36.468 44.226 39.317 38.604 40.705 35.812 33.686 31.168 27.746 25.926 23.521 22.551 21.558 22.560 18.414 17.561 17.593
16.621 20.831 12.728 18.635 17.193 17.711 17.588 20.354 21.772 20.310 17.916 15.249 16.459 18.168 14.913 18.270 18.134 18.770 18.672 19.232 17.335 18.215 21.005 13.809 16.261 14.464 16.239 23.131 22.486 16.320 13.579 23.422 16.256 16.922 18.178 17.502 19.162 18.041 19.664 19.194 19.729 20.697 21.972 21.847 22.397 22.086 21.360 29.027 22.259 26.299 29.488 30.601 29.749 34.257 34.539 35.889 31.435 31.310 32.087 32.332 33.493 31.452 28.160 25.056 25.361 21.271 21.337 21.634 21.132 17.639 19.695
19.299 12.061 13.060 19.765 17.062 17.630 18.012 17.979 19.733 20.324 13.655 13.286 17.866 18.135 15.191 14.499 19.639 22.793 18.760 19.056 18.336 17.721 18.265 19.204 20.758 14.633 18.246 21.051 19.155 20.893 21.134 20.667 25.798 15.995 17.589 18.737 18.176 19.752 18.154 19.065 19.379 20.338 20.492 21.610 20.391 22.160 20.836 26.319 26.202 25.154 27.544 26.285 28.249 28.197 31.211 32.198 30.991 29.172 27.680 28.697 31.191 26.976 26.422 23.132 21.759 19.863 22.322 20.197 19.893 17.587 16.126
16.942 17.857 21.991 11.926 13.111 16.424 21.212 17.293 15.458 16.170 16.637 15.029 17.651 15.591 17.599 15.094 20.064 13.242 19.265 19.234 19.585 18.109 19.888 21.382 20.780 12.693 18.385 22.345 20.168 20.324 21.244 23.293 16.788 18.064 18.790 17.980 16.529 17.777 19.127 18.966 19.852 19.764 18.938 21.002 21.737 20.272 20.510 21.577 24.373 24.569 24.732 26.285 28.602 27.229 27.484 29.763 31.150 30.555 28.278 25.386 24.786 26.519 23.085 22.424 22.286 21.560 22.065 20.820 19.556 17.919 18.974
13.044 15.132 13.644 15.946 15.966 15.476 20.728 18.170 14.618 19.629 20.622 19.868 20.958 15.099 16.374 14.494 14.530 14.573 20.849 19.601 21.450 21.481 14.327 22.752 18.824 16.242 20.696 19.671 22.321 19.637 24.578 22.369 16.545 16.622 17.646 17.166 18.212 19.032 19.271 18.649 18.450 20.478 19.149 17.996 18.309 18.443 18.281 20.986 19.543 23.045 23.022 25.252 24.732 22.322 26.091 28.065 27.455 27.019 21.854 21.492 23.992 26.482 20.787 21.531 20.687 18.077 17.662 18.564 18.109 18.551 18.613
15.472 15.467 16.160 15.320 17.317 14.927 23.586 19.117 15.123 15.143 17.876 19.315 21.979 19.111 14.496 16.948 17.294 14.978 17.446 14.137 20.253 23.733 22.587 22.487 20.976 21.336 19.733 19.550 22.157 21.345 20.609 24.250 15.499 16.405 17.891 16.676 18.002 18.118 19.277 19.003 18.755 17.376 19.821 21.525 19.516 19.400 18.547 19.398 19.643 21.307 23.487 22.031 24.378 21.140 22.613 21.550 27.358 26.680 20.950 19.941 21.731 23.720 22.472 19.746 19.739 20.817 18.170 17.106 17.720 16.064 19.077
14.581 15.559 16.643 17.628 15.591 15.229 16.733 14.370 16.578 15.594 19.540 21.462 22.646 23.597 17.253 20.108 14.121 17.894 20.831 19.902 21.239 15.705 14.751 23.772 19.224 13.223 19.970 23.260 22.476 20.771 18.769 22.318 19.943 24.430 15.798 15.644 27.050 18.416 17.582 17.135 18.741 17.592 17.514 17.666 17.199 19.049 18.644 18.173 16.277 21.823 23.730 20.620 24.499 20.255 21.704 22.666 25.087 24.084 25.170 19.354 22.926 20.345 21.915 20.350 18.111 17.759 19.989 18.132 16.682 17.478 15.216
16.236 14.240 16.569 16.040 15.061 20.874 18.291 15.688 15.325 18.632 23.830 20.539 23.718 16.433 20.096 18.085 23.099 17.859 20.186 17.423 26.546 17.640 18.212 17.512 24.925 15.333 19.678 20.035 19.572 19.838 25.597 19.823 22.496 26.420 16.163 15.509 18.047 19.998 18.260 17.229 17.423 16.866 18.409 16.326 18.364 17.329 16.226 18.124 16.919 24.844 17.941 17.848 22.354 20.814 18.316 18.225 19.770 24.922 17.533 17.629 20.022 19.714 22.304 20.425 18.590 17.574 16.846 16.567 16.229 14.807 15.285
17.909 19.772 17.253 15.540 18.657 23.585 15.082 20.114 19.339 17.351 14.137 21.256 24.880 17.629 16.791 15.518 18.759 19.345 18.570 20.410 21.222 16.547 18.005 17.781 16.375 16.373 22.308 21.872 18.547 20.975 20.826 20.086 25.598 20.249 18.202 18.982 17.292 19.681 16.138 18.258 17.019 15.454 19.833 16.736 16.840 16.813 17.323 17.279 18.335 17.818 17.254 16.284 21.266 16.930 18.193 20.759 19.277 19.545 18.368 19.608 19.201 18.494 17.523 18.566 17.268 17.179 16.950 15.000 14.505 16.169 14.592
19.590 15.991 19.100 26.823 21.320 23.432 18.517 18.545 17.867 15.414 21.735 20.183 21.759 24.319 20.562 20.943 19.732 19.842 22.977 22.259 20.772 22.703 17.195 16.935 18.036 19.104 15.978 13.799 20.008 24.013 22.774 23.996 18.606 18.098 19.079 17.800 17.690 17.503 15.804 15.195 16.315 17.362 15.076 18.322 16.667 17.554 15.407 19.271 17.853 17.557 17.806 13.468 22.522 22.632 17.245 20.366 18.435 20.106 16.247 18.728 20.825 19.408 18.980 18.433 19.348 17.123 15.006 18.020 15.165 15.533 13.574
19.268 18.335 18.569 22.086 23.217 23.481 19.676 19.116 22.228 19.131 19.621 22.387 25.070 22.231 24.108 23.458 20.568 22.973 20.248 20.686 24.881 25.950 17.251 18.878 18.030 18.200 17.398 21.683 21.248 20.306 22.338 25.988 21.169 18.586 21.694 19.977 20.612 20.318 17.603 14.978 21.526 17.383 16.180 16.492 17.771 14.734 15.216 14.164 16.392 16.861 14.626 19.778 21.916 19.745 18.245 18.256 18.927 18.010 15.826 19.997 18.235 20.249 18.816 18.273 19.888 17.867 16.272 15.287 14.177 13.063 13.793
27.160 20.615 19.539 21.674 26.093 26.244 23.267 21.486 18.813 19.973 25.451 22.023 22.627 18.945 25.417 22.500 24.393 22.223 23.221 23.034 23.935 26.433 19.405 18.604 17.218 18.677 19.000 24.484 21.625 21.124 24.069 24.516 18.513 25.572 19.341 20.843 20.158 18.397 16.444 17.677 18.858 19.362 17.998 16.072 15.310 16.802 14.688 17.193 16.507 16.198 14.861 15.302 15.488 15.586 16.535 17.838 17.072 17.409 21.789 17.524 19.846 18.647 17.587 18.136 18.046 18.919 18.496 17.019 17.008 14.701 16.587
15.889 27.220 21.037 32.693 22.952 22.959 20.903 21.890 20.786 20.696 19.071 21.706 23.673 22.659 22.921 23.514 22.473 22.021 26.463 22.019 24.234 20.037 17.959 18.205 17.883 18.950 18.012 19.326 17.116 22.815 22.988 27.048 30.751 29.065 21.907 23.131 23.257 20.792 18.407 16.721 20.230 18.431 14.197 14.731 20.781 15.799 15.549 16.020 15.022 15.946 20.072 19.070 20.052 15.871 13.866 18.700 17.996 18.112 19.764 17.297 19.052 19.413 18.080 21.818 18.101 16.763 18.141 18.931 15.600 16.448 14.913
24.170 30.035 21.247 21.118 26.563 23.461 24.788 24.129 22.071 23.516 19.662 20.388 22.534 21.851 22.269 25.349 24.147 23.566 26.126 33.943 20.621 21.744 20.427 20.719 18.455 19.807 19.994 17.737 17.867 18.832 18.062 28.342 21.808 23.055 22.302 24.833 23.226 20.812 19.149 18.551 18.377 29.102 23.818 25.365 23.506 16.598 17.187 15.590 16.505 16.536 21.383 20.562 17.661 18.510 21.829 16.859 19.430 17.193 19.768 18.677 19.163 17.664 17.041 19.005 16.957 17.403 14.885 16.443 19.202 15.078 15.739
30.136 20.966 18.544 20.707 20.621 25.582 24.950 23.708 24.544 23.068 21.931 23.736 20.247 25.175 29.585 16.836 24.259 28.474 33.378 21.156 24.646 20.994 24.525 19.166 20.442 22.258 19.997 21.719 16.634 24.114 20.642 22.433 23.789 22.963 23.570 24.493 24.960 20.966 18.654 18.196 18.194 23.560 18.641 15.974 16.145 19.451 18.123 17.556 15.444 16.525 18.042 21.792 19.893 19.707 21.609 18.269 15.621 18.600 20.307 17.927 19.823 17.944 19.307 18.118 18.107 15.672 17.826 14.896 15.813 14.184 16.421
24.977 26.863 18.206 27.647 26.330 29.712 30.371 24.684 25.535 23.973 23.551 23.355 21.317 32.098 21.734 22.836 23.914 30.488 19.964 24.323 24.655 24.161 22.920 22.506 22.864 22.780 19.656 21.092 17.103 25.251 24.629 26.990 20.696 22.495 24.651 23.350 22.880 24.306 21.495 21.098 18.141 18.886 19.361 19.053 18.154 19.104 20.706 17.644 17.736 16.503 18.548 17.983 21.334 18.008 21.620 17.070 16.053 16.397 18.039 17.719 16.535 19.615 17.409 17.229 17.492 13.625 14.320 17.353 16.936 16.070 15.870
29.586 20.813 29.739 32.012 28.098 30.091 25.574 26.884 24.882 29.009 27.051 26.681 23.574 24.628 26.154 24.746 26.887 26.489 28.048 23.797 23.642 24.891 25.301 24.529 22.974 23.440 20.581 19.503 19.933 24.224 32.003 33.329 22.925 20.006 24.745 24.513 24.647 22.757 23.608 20.860 22.146 18.555 17.892 19.962 17.022 18.477 21.436 18.966 19.786 16.772 19.261 20.743 19.844 27.302 16.221 19.579 23.751 23.078 20.771 19.080 19.601 22.708 14.224 16.229 16.818 15.340 16.040 15.738 18.455 15.949 14.898
28.958 24.012 22.986 29.455 26.957 31.866 31.296 27.667 30.958 32.297 26.868 27.496 34.107 25.052 27.017 24.673 24.631 32.498 34.066 26.830 24.367 26.868 26.364 25.581 25.956 25.240 23.067 28.894 23.427 27.438 23.391 23.609 21.961 26.388 24.255 24.326 26.312 26.777 21.240 20.930 20.178 20.308 19.651 17.194 18.082 18.969 18.284 18.286 18.506 20.388 22.955 18.764 21.363 21.324 22.890 20.369 16.077 22.387 24.469 18.776 22.152 20.143 19.141 17.926 16.556 15.312 19.034 15.477 17.786 17.406 14.781
29.933 23.124 22.764 27.952 28.193 28.478 33.515 27.898 28.540 28.392 29.166 29.606 29.714 33.350 32.029 30.455 28.912 26.360 25.450 25.400 29.100 25.167 24.793 24.309 26.805 26.517 25.206 31.967 28.672 26.483 19.975 21.798 23.006 21.307 25.705 26.121 27.932 29.161 26.794 24.951 22.954 19.351 19.235 23.369 20.682 20.862 20.881 19.008 19.414 19.608 19.867 28.305 22.925 24.232 29.486 19.970 17.783 18.757 20.712 20.013 19.010 20.301 18.059 17.387 18.555 16.216 16.569 18.800 18.481 15.410 14.289
30.406 31.957 31.302 37.837 31.822 27.485 30.824 26.996 27.676 29.374 28.870 34.331 30.095 27.558 30.024 30.212 29.480 28.861 30.429 26.354 26.551 32.694 29.010 25.611 26.459 25.656 29.976 31.671 31.352 28.169 30.589 29.605 22.916 24.681 26.518 24.044 27.124 27.250 25.948 25.840 24.949 24.863 19.611 23.104 21.341 19.961 20.158 20.462 19.238 20.476 18.302 23.522 23.938 23.710 19.013 17.555 18.563 19.090 21.734 21.095 18.965 21.639 22.250 19.014 14.913 19.413 19.808 16.843 19.273 14.467 11.747
39.451 29.415 25.071 26.078 35.781 31.823 36.266 27.389 25.925 27.219 27.304 29.221 27.729 29.740 31.294 31.089 32.517 30.818 33.702 26.173 29.897 30.442 28.281 28.143 25.434 25.000 33.996 37.019 36.559 31.014 35.086 27.884 24.304 27.101 25.834 28.556 27.115 24.950 26.991 27.534 29.091 23.611 24.301 23.475 25.058 22.126 21.003 22.481 21.818 19.588 22.801 17.994 25.259 25.953 19.471 23.150 20.035 21.147 21.560 21.442 20.736 20.900 22.999 17.315 18.058 15.802 20.063 16.659 19.759 15.041 15.840
34.001 27.934 28.089 27.760 27.991 33.668 36.060 28.558 26.847 29.972 33.157 31.029 37.785 28.618 30.968 31.296 33.820 34.155 34.820 32.920 30.263 33.585 39.592 28.883 24.823 23.950 34.231 36.017 36.941 37.532 33.165 28.013 30.209 25.661 28.693 30.911 27.985 27.708 27.398 31.108 27.083 31.415 25.469 24.643 24.830 26.381 20.704 21.919 20.957 19.315 19.128 17.642 21.016 19.303 19.329 26.494 21.130 20.626 21.131 19.442 20.246 23.452 20.377 17.250 19.186 17.944 19.530 17.170 19.869 19.031 23.740
36.046 39.785 29.887 32.971 27.585 39.485 38.724 26.272 37.513 36.895 32.706 34.618 35.602 39.388 30.536 32.288 33.544 36.554 34.736 36.277 34.482 35.443 36.013 29.265 40.401 36.582 21.993 35.199 41.079 36.418 38.716 37.277 38.389 28.562 30.728 29.868 26.400 29.460 29.997 30.630 28.495 37.239 32.061 22.953 27.526 24.213 23.104 23.971 22.416 24.822 19.644 19.187 19.939 19.745 24.192 19.000 24.053 23.062 19.809 20.858 20.016 17.885 18.240 17.750 17.850 19.005 16.265 17.710 15.114 23.417 17.956
26.792 29.205 28.676 30.359 30.434 28.540 41.921 35.259 38.864 36.128 41.785 36.741 39.392 41.598 34.783 28.826 32.578 36.308 35.292 39.996 34.664 31.285 35.275 32.259 51.099 39.143 35.397 34.584 38.725 45.256 44.511 44.186 32.397 29.405 31.151 29.671 28.744 29.019 35.027 31.434 32.063 33.515 30.502 27.130 25.795 26.600 24.723 22.478 22.352 26.539 22.704 20.971 20.409 18.978 24.595 25.230 25.692 23.950 23.451 22.462 20.890 19.242 17.321 19.149 18.307 19.416 17.218 17.209 21.980 23.194 19.372
