test/99p_ALL_NOXALL_year.grd
DSAA
   100   100
   434.100   458.850
  4522.600  4547.350
     0.000   616.258
[rows 0 to 31 of 100, columns 0 to 70 of 100]
8.588 8.806 10.947 9.907 9.411 9.557 7.967 10.576 8.934 9.786 10.327 10.199 9.909 9.362 8.600 9.116 9.984 10.796 11.377 10.242 12.054 11.759 11.637 11.735 11.741 11.641 13.028 10.604 11.438 10.542 10.172 12.582 10.803 12.547 11.327 8.223 10.140 11.024 11.023 9.721 12.408 11.374 9.460 10.917 9.936 10.327 8.349 11.037 7.992 7.975 10.451 8.689 8.804 8.811 8.090 8.390 7.638 8.291 8.419 8.276 7.500 7.553 8.676 8.220 7.723 8.715 9.019 7.843 9.370 8.279 9.039
8.644 8.056 8.298 9.161 9.499 8.676 9.968 10.217 10.981 10.225 10.084 11.805 11.711 9.972 9.219 9.794 9.034 9.698 9.980 10.893 11.675 11.513 13.194 10.782 11.403 11.154 11.526 11.693 11.092 11.646 12.658 12.962 12.005 10.675 12.439 11.442 10.409 11.921 11.631 10.119 11.833 10.434 11.024 11.148 11.263 10.186 11.902 7.976 8.778 8.747 8.986 9.498 10.516 11.714 13.997 12.458 7.600 9.953 8.291 8.910 11.051 8.560 9.116 8.721 8.768 11.142 10.011 15.921 11.393 12.309 12.025
7.961 8.597 8.719 7.960 9.541 7.659 9.859 9.788 10.641 11.379 10.113 10.284 10.969 9.495 10.050 9.878 10.406 11.790 11.110 11.076 11.270 12.848 14.501 11.330 12.576 11.998 12.189 13.080 12.425 12.220 11.158 12.993 12.122 10.686 12.747 12.601 11.716 13.155 9.419 11.337 10.368 11.702 11.054 14.509 9.660 14.291 10.262 9.826 9.582 8.408 7.783 8.616 9.723 8.683 8.294 10.797 10.339 11.063 9.626 6.972 7.332 8.243 9.195 7.421 7.158 7.305 7.965 7.694 7.873 7.290 8.109
8.767 9.512 8.591 9.141 10.035 7.857 7.355 7.907 9.200 11.082 10.042 10.199 9.966 8.704 11.196 9.093 11.372 10.804 12.105 12.138 11.444 13.047 12.167 12.231 13.927 12.681 13.298 12.311 14.677 12.845 12.274 12.304 12.031 12.145 10.376 12.128 11.262 10.355 11.001 10.759 11.265 12.840 10.498 8.934 10.253 12.291 7.781 10.883 11.518 7.368 8.769 9.952 7.726 12.711 11.180 11.788 8.393 10.333 12.338 7.373 10.494 8.260 8.617 8.901 8.384 8.392 7.846 8.436 9.837 8.082 8.267
10.019 10.720 9.819 10.059 10.677 7.404 7.480 7.126 9.758 9.273 9.836 9.575 10.683 10.399 9.754 9.430 10.621 10.246 10.138 11.253 12.063 10.866 10.485 12.670 12.636 13.526 11.945 13.718 12.035 12.237 13.389 13.174 13.143 12.802 13.780 13.838 13.981 12.025 11.575 11.365 12.892 13.704 14.783 9.228 10.346 12.602 11.680 10.752 13.550 12.479 9.306 9.478 8.535 9.299 9.944 9.447 7.296 11.126 9.738 7.479 8.965 7.788 8.111 9.487 9.231 8.953 8.134 7.814 9.748 9.654 7.969
10.000 11.749 10.832 7.796 9.717 6.880 8.464 7.628 9.950 10.876 11.138 10.727 12.083 10.156 10.626 10.050 10.562 10.555 11.727 12.415 10.094 10.910 9.865 10.574 11.192 10.174 12.391 12.401 13.070 13.623 12.364 13.007 12.188 11.434 13.945 13.575 13.816 12.958 11.665 11.601 12.686 13.994 10.599 11.515 9.206 12.488 12.969 10.778 9.076 8.795 10.081 10.623 10.817 11.843 10.169 8.612 12.703 9.544 8.445 9.792 10.646 13.434 8.814 8.613 6.963 7.719 7.893 7.758 7.892 8.897 8.325
10.459 10.462 11.781 10.466 8.646 8.567 8.535 7.338 7.849 8.505 9.579 10.791 12.461 10.448 10.436 9.965 10.698 12.655 13.690 11.189 11.896 11.187 10.223 10.844 11.757 10.721 11.663 12.361 13.332 13.939 14.416 13.456 14.960 13.899 13.255 15.999 13.982 11.644 11.935 13.610 11.012 11.831 11.797 12.757 12.077 13.006 12.062 13.837 12.721 12.785 11.116 8.986 9.874 9.667 11.116 12.989 8.472 8.401 8.745 8.559 9.060 11.687 9.709 11.543 10.853 9.053 10.770 8.977 8.651 8.852 9.568
11.156 12.306 11.786 11.342 10.709 11.506 11.608 11.638 8.637 8.675 10.856 13.186 13.181 13.220 11.826 11.734 10.968 12.757 16.873 14.518 13.069 12.204 13.757 12.416 11.470 12.093 15.088 11.677 13.431 14.286 13.921 11.415 12.790 11.637 11.270 11.538 12.256 13.592 12.672 13.874 13.379 9.231 11.986 12.749 13.200 14.067 14.002 12.112 12.203 11.060 10.408 10.075 9.784 12.452 11.436 12.194 11.096 11.876 10.180 10.113 8.727 11.604 10.906 9.485 9.556 11.649 9.557 10.372 8.457 10.034 10.685
11.276 12.857 12.371 12.311 11.832 13.440 12.393 11.263 13.239 12.610 13.580 11.239 12.972 10.702 10.100 12.744 11.742 14.216 15.179 13.900 14.683 15.135 13.947 14.428 13.880 12.729 12.331 12.611 14.066 11.440 14.406 11.384 13.700 13.516 11.805 11.794 12.234 12.124 16.359 15.101 13.199 13.492 12.484 13.586 12.336 14.389 16.354 13.293 13.293 13.367 11.212 11.621 13.804 11.893 11.021 10.747 12.988 11.111 12.698 12.879 8.390 9.163 12.614 12.772 8.387 9.360 12.789 14.793 9.551 13.178 13.119
9.526 8.843 10.119 9.838 12.086 10.161 11.693 13.272 14.338 13.037 13.122 12.206 12.327 9.183 10.160 12.603 12.737 13.940 14.701 13.002 14.613 14.324 16.022 13.944 15.282 15.234 12.611 11.647 13.288 14.497 15.377 12.326 10.706 16.144 15.295 11.900 12.473 15.600 13.589 12.662 10.535 11.530 14.012 13.218 12.561 13.403 13.273 16.830 12.262 10.730 12.270 12.494 11.874 11.955 10.377 10.381 12.944 15.011 11.495 10.741 9.585 11.982 9.317 10.001 9.445 9.568 10.361 8.521 14.400 12.208 14.199
10.059 14.083 8.043 7.448 9.650 8.938 12.757 13.232 11.189 15.617 13.120 13.132 14.265 11.928 15.725 11.142 13.621 15.351 14.179 13.299 16.412 16.361 14.927 14.101 14.767 16.339 12.775 13.534 11.308 14.533 15.031 14.807 14.698 14.182 17.298 13.805 11.485 13.661 14.780 15.097 12.055 11.948 13.792 13.431 13.038 13.986 13.758 12.563 12.815 11.829 13.861 13.014 11.077 10.894 12.291 10.379 10.620 14.794 11.295 9.923 9.561 10.592 11.216 10.236 12.381 13.191 10.010 11.561 10.251 16.303 13.321
10.782 9.965 10.570 12.593 8.641 8.724 9.468 13.181 10.877 11.034 10.797 13.294 13.302 13.278 15.398 10.019 11.917 16.828 14.276 13.774 14.296 14.309 15.137 14.220 14.357 12.036 13.139 11.773 16.755 16.225 14.606 14.736 15.202 17.078 17.759 12.934 12.550 12.966 12.549 15.105 13.159 14.735 12.601 15.941 12.704 14.489 15.925 12.978 12.934 14.780 14.496 11.445 11.645 13.370 11.303 13.200 16.887 15.157 12.897 12.047 10.155 13.652 9.494 11.373 12.114 9.328 10.512 9.639 10.770 13.041 11.894
9.964 9.839 10.682 10.734 14.856 11.464 12.516 9.773 10.276 10.943 10.304 13.407 13.477 13.414 13.628 10.611 11.332 12.388 15.745 14.408 14.617 13.630 14.398 15.514 15.423 16.752 13.853 13.092 13.544 16.570 15.450 17.401 15.579 17.279 12.000 12.366 14.354 11.644 12.049 14.006 14.296 16.374 13.804 14.564 15.329 14.019 14.322 14.908 13.369 13.513 15.219 11.830 14.227 12.864 13.535 15.263 13.738 11.991 12.906 14.260 11.853 15.471 10.957 10.932 11.386 11.986 10.456 11.334 10.880 10.395 13.991
11.676 13.773 10.598 11.203 9.920 9.347 9.468 10.038 11.055 11.393 9.984 13.182 14.326 12.665 14.127 13.855 10.814 11.181 16.636 14.418 16.334 16.563 14.098 15.026 16.083 15.997 14.180 14.400 13.974 14.713 16.729 15.421 19.180 18.397 17.703 20.307 13.445 12.882 13.606 16.344 13.901 12.082 17.800 15.274 13.764 14.335 15.217 13.620 13.927 12.899 18.045 12.753 13.123 12.623 13.416 17.456 11.989 14.220 13.302 11.817 9.456 11.605 11.363 11.558 15.034 16.137 18.138 16.636 15.590 11.485 12.077
13.427 9.917 10.464 10.254 12.119 12.289 12.669 9.738 10.438 11.988 11.375 9.983 11.155 9.262 12.330 13.137 13.294 14.751 13.520 15.156 15.303 16.539 16.493 14.332 17.036 17.216 13.748 14.054 13.490 14.141 18.645 19.674 21.023 13.857 19.229 18.818 15.110 14.603 14.562 13.391 13.469 16.595 18.128 12.098 17.146 15.996 15.282 14.513 13.655 15.775 17.769 15.072 13.629 13.849 13.625 12.451 13.820 15.116 12.760 14.383 15.796 11.235 12.327 13.649 11.791 11.650 11.899 12.067 12.346 14.669 10.820
13.527 9.125 9.864 9.277 11.510 10.763 10.335 10.916 12.588 11.949 9.893 13.023 13.738 13.596 14.616 14.575 14.294 17.155 14.225 15.332 16.297 15.558 15.647 15.280 17.736 17.410 17.836 10.902 13.052 15.033 13.863 12.534 20.797 16.571 14.302 22.631 15.969 14.916 17.325 14.012 19.146 16.321 18.405 18.618 12.846 13.710 17.081 14.672 15.698 14.240 14.724 16.568 14.948 12.608 12.747 13.639 13.846 14.639 12.945 15.271 14.584 13.823 16.434 13.862 14.130 13.043 13.715 11.806 12.693 14.501 13.508
14.143 12.069 11.941 14.951 13.628 12.562 11.225 12.928 13.802 14.669 13.888 14.523 14.969 15.239 13.356 13.579 14.363 14.659 16.119 14.094 14.374 14.582 15.536 16.797 15.815 14.237 19.483 16.677 21.585 14.086 14.867 14.195 13.002 14.380 18.754 19.573 16.164 17.538 17.135 16.032 14.286 20.443 18.741 15.747 14.775 14.130 13.359 18.231 19.589 20.949 24.917 15.770 15.432 12.392 14.056 12.393 14.734 12.290 16.490 17.322 16.804 15.384 16.840 12.943 12.608 14.715 13.357 12.915 12.933 15.868 13.604
14.849 10.312 14.160 14.017 16.593 14.838 11.832 11.720 12.730 13.958 15.126 15.271 13.003 13.390 14.014 14.692 16.416 14.370 15.400 14.373 16.640 16.140 16.572 18.975 17.108 21.467 14.612 19.863 19.060 20.018 14.097 18.658 17.330 18.719 18.916 20.714 21.376 16.645 19.735 17.768 15.950 14.752 19.368 21.071 14.715 15.005 12.643 13.644 14.855 16.825 16.099 16.499 16.261 16.408 15.526 15.172 15.441 14.944 13.782 15.555 18.572 12.947 17.018 16.481 19.803 19.982 13.926 15.791 15.334 14.680 15.156
9.920 10.576 10.410 9.118 12.441 12.751 11.778 13.204 13.462 13.847 14.272 13.565 13.969 14.135 14.497 15.126 15.877 16.621 15.355 15.594 16.775 15.320 16.452 17.291 18.904 13.913 15.809 14.810 13.941 20.752 15.428 23.911 20.187 19.459 21.775 20.100 21.103 21.264 18.175 18.223 16.711 17.392 15.114 15.961 15.848 15.132 14.455 18.609 15.040 17.850 19.757 19.928 19.493 16.692 17.931 19.773 16.140 17.989 16.558 16.152 20.140 15.577 16.354 17.461 17.535 16.343 14.743 17.164 18.047 15.561 14.902
13.370 15.601 9.143 13.133 15.825 13.204 13.109 12.702 13.460 13.742 13.713 14.995 13.536 15.136 14.441 15.663 14.421 16.235 16.180 16.341 18.008 14.645 16.741 17.149 15.852 17.393 18.745 15.351 17.518 19.712 13.646 16.942 14.499 18.812 18.064 19.550 21.144 26.204 18.183 17.091 19.638 16.480 17.905 15.853 15.044 16.178 16.238 22.089 22.814 19.991 20.078 22.160 22.966 21.564 20.184 22.518 16.818 16.993 15.587 21.851 17.256 17.100 17.952 17.023 16.820 19.129 20.050 18.422 17.495 18.273 17.039
10.541 10.607 12.919 13.328 9.097 12.408 13.410 14.223 12.924 15.063 14.666 14.811 14.449 14.795 13.679 16.287 16.221 15.621 15.393 14.886 16.864 17.854 15.692 16.037 16.501 15.766 18.136 19.728 19.400 20.987 26.357 16.165 25.386 24.873 21.139 19.215 24.630 22.272 19.707 25.195 20.115 17.539 25.081 15.716 20.552 21.183 16.525 16.638 20.217 18.043 19.910 20.765 24.673 23.063 21.690 24.660 17.840 20.095 22.248 21.324 17.829 18.598 17.955 19.080 18.822 20.065 20.558 20.259 16.484 18.087 16.277
11.109 11.145 17.281 16.725 10.563 14.057 15.491 12.969 14.973 14.462 14.164 13.762 15.089 14.974 15.119 15.705 13.226 12.044 16.572 18.193 16.387 16.103 15.369 17.043 18.045 17.444 18.474 18.220 20.034 23.138 18.242 18.348 19.149 17.803 27.001 27.404 19.492 18.575 18.875 28.718 26.594 15.839 25.780 26.083 23.858 23.185 22.738 23.539 22.221 24.615 21.307 21.690 24.620 22.563 21.977 32.080 20.778 19.072 19.815 20.388 20.169 19.938 19.965 19.738 19.422 18.943 22.358 21.686 18.954 20.020 15.516
10.923 10.382 14.193 10.172 14.116 13.972 14.738 16.019 14.446 14.954 13.538 15.547 17.226 17.095 12.778 15.652 17.181 13.871 15.587 16.531 16.380 17.741 17.265 16.715 18.721 17.642 19.606 17.753 19.483 22.704 17.577 18.484 19.134 19.961 19.934 23.534 20.502 20.998 22.383 19.205 24.663 25.184 28.656 28.347 23.116 24.626 25.482 25.935 23.190 25.331 25.226 29.463 23.012 24.767 31.133 27.594 22.749 19.274 23.405 19.194 19.331 24.161 23.339 22.360 24.433 23.792 25.235 22.122 18.418 15.904 16.958
10.341 9.466 14.932 16.946 10.550 13.800 14.242 15.210 15.546 14.232 14.531 18.123 13.016 13.312 12.902 11.809 18.097 16.284 15.791 17.036 18.507 16.939 19.926 15.277 18.795 18.579 18.471 18.362 20.066 23.688 17.543 18.233 19.233 21.105 20.696 20.700 23.152 24.684 20.164 19.349 26.929 24.920 29.614 30.108 29.963 29.044 21.115 26.799 28.473 26.678 27.838 31.090 27.186 31.415 33.352 31.883 27.495 28.031 25.347 27.945 30.726 22.209 25.674 25.281 26.039 27.068 23.828 22.443 16.795 14.936 15.816
16.646 15.567 11.277 12.532 10.398 13.427 14.107 16.035 15.159 14.428 15.955 12.277 12.229 12.269 16.566 15.776 16.544 17.014 16.826 17.051 18.100 17.359 17.395 17.789 16.942 18.252 20.292 20.050 21.777 24.084 16.973 17.810 18.223 18.816 20.608 22.066 22.314 26.751 23.192 21.991 28.048 28.347 29.052 30.413 25.366 24.505 23.519 21.524 28.585 29.300 28.838 28.972 29.466 33.060 33.991 32.132 27.500 31.355 27.576 29.742 28.524 27.460 27.534 30.324 26.667 23.119 22.274 22.910 19.402 17.794 17.064
10.026 10.451 10.325 9.814 8.907 13.006 14.777 15.084 14.878 17.387 15.619 11.861 14.448 15.444 16.629 15.840 17.263 19.084 19.394 20.216 18.182 16.456 17.883 17.916 18.266 17.524 17.052 19.285 20.080 25.178 17.537 19.428 18.547 18.897 18.245 22.650 20.693 23.535 26.542 24.165 28.433 30.444 30.621 32.907 35.496 23.574 31.830 29.974 23.493 27.238 33.661 35.336 30.711 36.785 40.174 36.918 32.459 32.620 31.611 28.411 26.214 27.811 31.819 32.738 27.916 25.869 24.222 21.082 17.174 17.111 18.021
15.317 10.610 12.779 14.059 13.144 12.351 14.230 14.882 15.801 14.786 17.170 16.831 15.086 16.935 16.319 17.423 17.899 17.442 19.325 19.696 17.116 17.978 19.151 17.015 17.858 16.897 19.042 19.847 19.860 24.542 18.543 18.027 17.833 19.111 27.803 20.549 22.946 23.671 22.098 22.871 34.504 33.975 31.889 33.857 36.327 34.099 34.508 37.203 37.837 37.078 37.889 39.619 35.492 44.153 45.993 42.100 38.672 34.572 40.332 30.943 31.233 31.423 29.937 30.856 26.970 24.603 27.095 21.864 16.241 15.040 15.996
10.472 15.450 13.881 11.231 14.018 13.850 14.859 16.627 14.377 13.707 16.668 14.015 18.248 17.190 16.792 15.535 15.478 15.925 19.195 17.677 18.848 16.806 18.358 20.914 17.775 19.403 19.721 19.927 20.346 21.924 14.598 21.882 24.283 17.181 25.758 30.431 23.790 23.174 31.119 31.192 35.032 39.910 38.608 38.960 36.018 39.135 37.210 44.069 49.041 35.283 37.535 35.530 36.546 35.575 43.438 39.682 38.098 37.936 35.705 30.973 33.482 31.074 32.908 28.261 26.436 24.962 19.840 18.758 21.697 17.048 17.423
15.254 10.669 15.245 10.207 14.712 13.775 15.987 11.467 13.085 13.242 14.445 11.963 12.853 12.879 13.914 16.397 15.220 17.231 15.661 18.386 17.805 17.674 18.214 20.765 19.027 17.661 20.746 19.934 18.851 20.611 22.638 21.983 23.135 23.238 24.457 28.746 23.726 22.856 34.176 38.421 31.368 32.371 39.028 31.851 38.899 43.172 47.456 49.397 39.352 41.267 42.405 42.015 39.891 44.275 52.032 47.699 44.566 46.560 40.539 35.331 37.697 31.357 25.687 26.195 26.341 25.844 21.558 21.122 21.533 20.184 17.532
14.564 10.097 12.810 11.056 14.929 14.797 16.035 11.336 14.725 13.685 13.782 16.058 12.251 14.783 12.706 17.306 15.546 17.262 17.776 18.865 18.603 19.310 18.046 18.459 19.342 18.616 17.751 19.937 20.097 19.173 21.111 21.567 22.134 24.682 25.802 29.114 34.361 37.514 27.601 28.428 30.580 32.180 33.843 30.172 37.902 48.178 43.097 40.708 41.056 41.856 43.846 48.425 45.100 52.432 53.235 51.225 52.942 52.371 43.840 36.884 37.299 35.451 30.599 23.146 23.326 27.467 22.081 24.144 23.993 20.709 19.861
14.979 14.677 12.313 11.775 15.733 12.905 14.374 15.320 11.960 11.322 13.777 14.311 14.173 11.914 14.089 17.212 15.174 14.914 17.574 18.332 18.190 18.565 18.236 18.546 20.260 19.981 19.239 20.661 23.078 19.871 20.672 21.186 21.285 24.584 25.894 30.108 23.485 26.763 30.318 29.092 29.874 36.503 35.393 42.799 44.729 48.043 42.795 43.596 42.786 43.313 47.099 52.270 55.061 55.441 55.984 57.527 56.778 48.327 42.515 45.216 39.171 33.536 30.681 24.798 23.050 23.068 22.123 21.156 20.621 17.635 17.853
12.185 14.017 15.073 13.884 16.623 11.972 14.018 15.703 12.028 12.832 14.904 16.570 11.964 13.117 14.642 17.536 17.394 14.175 17.355 18.911 18.279 21.281 15.467 18.669 17.783 19.652 19.164 20.047 20.106 21.777 22.179 21.117 22.913 22.858 21.727 29.206 21.386 24.388 25.162 28.591 28.789 37.937 34.258 36.990 45.120 53.836 60.217 50.962 56.064 52.632 54.791 51.260 62.556 61.024 58.358 55.829 56.624 57.859 45.820 49.104 41.824 34.640 30.507 28.299 21.183 22.638 24.335 21.649 22.027 18.501 19.143
